3.60    103.00   2798.00     51.20     43.00    186.00    196.00      8.80    112.00     79.00
3.80    123.00   4501.00     40.50     51.00    202.00    270.00     13.20    120.00     83.00
3.60    116.00   2879.00     44.80     27.00    120.00    161.00     11.10     96.00     66.00
5.60    102.00   4377.00     43.00     32.00    123.00    178.00     10.20     53.00     51.00
0.60    109.00   3468.00     53.10     43.00    240.00    300.00     13.50     72.00     51.00
1.00    111.00   1885.00     61.80     41.00    200.00    288.00     12.70    130.00     86.00
1.10    109.00   2371.00     49.40     41.00    199.00    216.00     10.20    129.00    114.00
3.40    106.00   1742.00     55.40     49.00    271.00    206.00     12.10    157.00    111.00
3.30    111.00   1685.00     55.60     56.00    257.00    219.00      7.70    191.00     90.00
3.00    106.00   1626.00     58.20     32.00    187.00    226.00     10.20    145.00    101.00
1.30    103.00   1264.00     62.20     37.00    184.00    190.00     13.50    105.00     69.00
0.90    106.00   1685.00     51.40     45.00    208.00    192.00      7.00    135.00     95.00
1.10    108.00   1838.00     55.70     36.00    255.00    326.00      7.90    139.00    145.00
0.40    106.00  12137.00     48.70     69.00    245.00    238.00     13.30     63.00     72.00
0.90    114.00   2684.00     51.30     58.00    234.00    227.00     11.80     86.00     76.00
1.50    114.00   1922.00     49.70     72.00    242.00    247.00      7.90    203.00     86.00
0.70    121.00   1836.00     57.70     51.00    286.00    343.00      8.00    165.00    102.00
1.30    110.00   2256.00     56.30     42.00    240.00    261.00      8.00    165.00    103.00
0.90    109.00   1616.00     57.50     35.00    238.00    279.00      9.50    161.00    119.00
1.30    110.00   2013.00     61.70     48.00    169.00    235.00      8.50    153.00     92.00
0.90    112.00   2503.00     51.20     44.00    208.00    276.00      8.70    110.00    135.00
3.90    105.00   1356.00     52.70     43.00    263.00    187.00     10.20    264.00     99.00
2.00    109.00   1538.00     49.00     44.00    298.00    297.00      6.60    164.00     86.00
3.60    110.00   1525.00     47.40     46.00    273.00    186.00      5.30    165.00     94.00
5.20    109.00   1785.00     50.50     52.00    287.00    214.00      9.50    142.00    125.00
0.60    113.00   2383.00     54.00     37.00    210.00    270.00     12.50     90.00     76.00
1.30    111.00   2131.00     58.00     59.00    240.00    320.00     11.20    138.00    106.00
1.80    113.00   2023.00     47.30     44.00    236.00    250.00     11.20    162.00     87.00
1.30    107.00   1863.00     52.50     55.00    214.00    257.00      8.20    166.00    111.00
0.70    106.00   2247.00     51.40     45.00    237.00    284.00      9.80    156.00     99.00
4.60    113.00   2000.00     53.40     47.00    183.00    203.00     10.30    182.00    120.00
12.40    133.00   1508.00     52.40     58.00    203.00    279.00      6.70     24.00     46.00
1.10    112.00   2482.00     52.40     50.00    300.00    278.00     10.70    156.00     72.00
2.40    108.00   2300.00     45.30     48.00    174.00    208.00     15.00     79.00    143.00
0.70    112.00   1947.00     52.90     51.00    196.00    242.00     11.00    143.00    125.00
3.00    110.00   1668.00     58.80     42.00    220.00    191.00      9.10    158.00     86.00
1.30    104.00   3256.00     44.50     41.00    197.00    209.00     12.50    107.00     64.00
0.80    110.00   1930.00     55.90     49.00    251.00    288.00     18.50    110.00     70.00
5.50    100.00   1662.00     54.10     41.00    215.00    273.00      8.80    139.00     87.00
1.40     96.00   1646.00     53.20     34.00    193.00    137.00      9.60    101.00    110.00
43.90    116.00   1317.00     64.40     25.00    143.00    121.00      6.10     62.00    200.00
12.70    115.00   1654.00     58.70     39.00    284.00    227.00      8.20    110.00    144.00
4.30    108.00   1366.00     49.50     39.00    336.00    202.00      8.80    148.00    100.00
3.60     93.00   1699.00     56.20     43.00    202.00    187.00      9.00     83.00     84.00
0.70    107.00   2109.00     48.60     45.00    198.00    268.00     12.10     84.00     98.00
1.00    104.00   1807.00     46.40     42.00    179.00    252.00     14.00     82.00     90.00
0.90    111.00   2329.00     54.50     38.00    199.00    234.00     12.50     86.00     86.00
1.60    113.00   2405.00     41.90     57.00    327.00    225.00      8.60    143.00     60.00
3.30    107.00   1974.00     46.80     42.00    245.00    194.00      6.60    159.00     93.00
2.30    106.00   1714.00     47.60     48.00    257.00    206.00      8.20    149.00    129.00
0.70    110.00   1916.00     51.40     47.00    271.00    237.00     11.70     98.00    116.00
1.60    106.00   3151.00     38.60     46.00    217.00    251.00     11.10    118.00    137.00
1.10    111.00   2969.00     47.20     46.00    201.00    289.00     10.10    107.00     81.00
2.60     99.00   2492.00     44.20     52.00    181.00    261.00      8.20    110.00     61.00
6.10    112.00   1599.00     50.80     59.00    244.00    149.00      6.80    150.00     50.00
5.00    111.00   1691.00     39.70     41.00    289.00    269.00      8.10    170.00     80.00
1.90    111.00   3058.00     38.60     39.00    207.00    221.00      8.90    135.00     57.00
1.00    110.00   2126.00     49.60     43.00    279.00    331.00      8.30    125.00    120.00
1.50    122.00   2309.00     47.30     57.00    313.00    292.00     13.40    152.00    120.00
3.70    108.00   2823.00     41.70     40.00    188.00    238.00      8.80    130.00     75.00
0.40    119.00   7102.00     33.20     37.00    158.00    212.00      8.60    114.00     62.00
3.50    111.00   2188.00     52.60     49.00    217.00    135.00      7.70     99.00     71.00
23.00    117.00   1609.00     53.30     42.00    153.00     65.00      9.60     72.00     25.00
4.40    105.00   2362.00     45.40     48.00    223.00    203.00      8.90    146.00    125.00
4.00    103.00   3526.00     37.10     50.00    222.00    197.00      8.40    192.00     81.00
3.40    100.00   2758.00     44.10     46.00    158.00    181.00      9.80    180.00     69.00
13.80    114.00   1574.00     51.70     45.00    208.00    119.00      6.90    114.00     58.00
2.10    110.00   4617.00     46.60     73.00    252.00    156.00      8.50     81.00     64.00
3.00    113.00   1983.00     46.10     28.00    140.00    177.00      7.60    230.00     93.00
3.10    107.00   2324.00     51.30     39.00     83.00    134.00     11.60    123.00     93.00
3.50    108.00   3273.00     46.80     49.00    158.00    208.00      8.90    160.00    108.00
5.80    105.00   2135.00     50.00     34.00    151.00    192.00     10.20    218.00     94.00
1.80    111.00   4410.00     44.20     49.00    116.00    128.00     11.70    107.00    102.00
7.80    110.00   4293.00     57.30     44.00    141.00    145.00     14.20     74.00     56.00
2.50    113.00   3666.00     47.60     54.00    156.00    144.00      9.60    125.00     75.00