n = 75
Исходная:
 756.40    74.30    18.20    63.20    -5.50    -7.60   339.60    26.20     6.20    45.70
1117.20    74.20    19.20    66.50    -8.00    -3.30   504.70    24.00     5.20    43.10
1428.90    74.80    18.60    63.30    -9.60    -6.20   609.30    26.80     6.40    50.00
4596.20    91.60    16.90    68.20   -11.10    -3.00   433.50    26.60     2.10    50.70
1649.60    66.00    16.30    62.10    -5.70   -12.80   703.80    25.50    12.90    34.50
 977.60    70.80    17.10    59.60   -11.80   -12.80   316.30    26.20    12.10    40.80
 710.90    66.80    16.90    59.30   -14.70   -14.60   339.80    20.70    19.70    39.60
1410.30    69.10    18.30    57.90    -9.90    -9.80   596.10    21.10    18.70    35.80
1573.90    80.40    16.60    59.60    -9.60   -11.30   720.90    34.20     9.20    34.10
1191.20    82.50    16.00    59.40   -11.60   -12.60   490.60    33.60    11.20    36.30
1058.90    74.40    16.80    60.20    -9.30   -10.20   484.10    26.10    12.40    35.90
 766.40    66.40    17.70    59.20   -10.40   -10.80   329.90    25.50    11.20    42.00
6409.70    80.10    15.50    60.90    -4.00   -10.20  2459.60    22.90     8.00    41.10
8539.20    63.00    17.20    58.70    -8.10    -9.80   416.30    22.00    21.60    34.30
 883.50    68.80    16.30    57.80   -12.70   -12.40   534.70    23.80    15.90    35.70
1255.00    70.70    16.80    60.30   -13.90   -12.60   487.90    23.10    16.40    38.60
1240.70    73.90    16.50    58.70   -14.50   -14.30   664.90    25.60    15.50    37.60
1552.30    81.60    15.50    57.80   -15.40   -14.30   780.50    28.40    10.20    31.00
1690.00    80.60    16.00    59.90   -10.30   -11.40   663.20    31.60    10.20    33.50
 750.30    61.70    20.40    61.20    -6.50    -6.10   330.40    24.50    20.50    42.30
 910.00    59.90    18.10    59.60   -10.60    -7.80   401.20    24.90    18.60    42.70
1346.30    61.40    20.50    60.10    -5.30    -5.20   609.50    24.40    22.70    33.80
1560.00    71.20    17.50    60.70   -10.30    -8.60   726.90    27.50    17.20    38.20
3598.30    78.30    16.70    59.30    -9.60   -10.70  1638.20    31.50     0.00     0.00
1498.00    66.00    18.20    58.70    -0.50    -7.90   677.50    21.50    24.50    31.90
2414.70    62.40    16.90    57.60    -9.50   -10.60  1076.40    19.90    22.90    35.00
1284.50    62.00    17.50    57.90   -11.10   -10.10   606.40    20.60    25.00    32.30
1228.90    64.60    17.30    58.90    -4.90    -9.00   569.50    24.30    18.00    32.90
1098.30    58.10    17.10    57.70   -12.80   -10.70   514.00    18.60    26.90    37.90
 305.60    43.00    25.30    59.80   -28.10     0.60   118.10     8.20     0.00     0.00
3768.20    74.10    20.40    59.50    -2.30    -3.80  1698.40    25.70     0.00     0.00
1008.70    74.80    20.20    61.00    -4.00    -4.10   426.70    16.10    16.00    42.20
2636.50    68.40    18.00    59.40    -8.20    -7.30  1190.90    22.20    16.90    32.50
1504.10    64.60    17.10    59.40    -8.90    -9.00   677.10    22.20    21.30    37.80
3258.70    80.50    17.30    61.70    -6.30    -8.20  1485.30    28.40     7.80    31.30
2676.40    73.10    17.90    60.00    -7.40    -8.10  1187.20    20.20    20.00    39.00
1439.60    73.30    18.40    60.90    -9.60    -7.50   609.30    28.90    16.20    38.10
 444.90    54.10    19.50    57.80    -2.40    -5.30   157.00    15.40    21.70    40.00
2179.50    39.80    31.50    55.70     8.90    10.70   743.60    14.10    33.80    41.10
 466.30    42.20    29.80    60.40    13.40    14.90    68.60    14.60     8.70    43.90
 782.00    56.90    24.70    57.90    -2.40     0.20   302.10    22.00    26.80    38.20
 428.60    44.20    22.90    58.10    -5.00    -0.30   141.10    19.40    19.20    39.90
 678.20    67.00    20.90    57.30     1.80    -1.30   238.30    17.40    15.90    48.70
4987.60    53.00    19.00    58.00    -2.20    -5.80  2052.40    16.20    23.60    32.40
2642.60    55.10    19.90    58.40    -4.30    -4.70  1025.30    16.00    24.60    30.70
4286.20    67.50    17.80    59.30    -7.20    -7.50  1879.80    19.60    18.50    30.30
4090.60    65.40    21.70    58.80    -2.70    -3.00  1747.00    23.40    18.50    42.10
1616.20    69.50    20.20    62.10    -4.80    -3.90   792.90    28.90    14.50    38.70
1074.40    55.30    19.50    59.40   -11.80    -6.60   450.80    21.10    25.40    36.00
2199.40    57.00    20.50    59.90    -6.00    -4.70  1031.10    21.90    20.80    33.70
2923.70    75.00    19.30    61.60    -5.70    -6.00  1393.00    28.00     8.40    36.30
4544.90    87.60    17.80    61.50    -6.10    -7.00  2039.40    32.30     7.00    40.20
3628.70    81.40    18.60    60.80    -6.10    -6.20  1568.10    31.50     9.50    37.40
 204.90    26.10    26.20    59.00     0.70     0.70    81.40     7.60    29.00    50.80
2621.00    52.40    18.30    61.60    -8.20    -5.10  1090.90    19.30    23.90    37.80
2940.50    86.90    18.40    61.70    -7.30    -7.40  1246.20    31.10     5.60    37.90
2717.40    74.00    17.70    61.80    -4.80    -5.30  1125.60    19.00    15.20    43.20
2127.00    67.30    19.50    61.60    -9.70    -4.90   975.70    18.40    19.20    35.80
1060.80    67.40    18.40    64.70    -3.80    -3.70   464.70    20.70     9.20    43.20
3272.20    76.70    21.20    67.30     5.60     1.80  1792.60    22.10     0.00     0.00
1019.40    59.80    23.10    61.90    -6.70    -2.10   394.30    18.70    15.30    45.90
 310.30    48.80    31.40    58.30    -1.20     2.70   100.20     9.10    15.80    64.50
 575.40    70.90    20.30    62.50    -5.00    -5.20   242.40    22.80    10.80    38.30
3015.30    74.70    19.60    63.20    -5.60    -4.60  1432.10    24.60    10.50    39.90
2712.90    79.30    21.10    62.20    -5.90    -4.40  1164.80    25.20     9.50    40.40
1237.20    62.10    22.50    62.50    -7.60    -2.70   459.80    13.80    14.30    52.70
 982.90    64.50    25.80    63.50    -3.10     3.60   473.70    17.50    10.50    53.00
 194.60    67.20    21.10    62.60    -5.30    -3.80    73.00    15.70    13.90    50.90
  73.80    68.40    19.80    70.10   -19.80     0.30    34.80    22.10     9.00    69.40
2124.70    78.70    18.30    64.40   -14.30    -4.70   980.70    20.40     8.90    38.50
1485.80    80.70    18.80    64.80    -6.70    -5.30   701.70    21.90     4.70    47.40
 982.20    65.00    20.20    64.40    -7.90    -4.00   428.50    15.80     9.90    44.40
 380.20    81.10    18.20    69.90   -10.60    -2.20   184.50    23.00     4.50    47.80
 229.20    91.60    17.80    70.50   -18.70    -1.80   111.80    23.20     3.80    44.10
 584.70    86.80    18.70    66.90   -11.00    -4.90   282.30    24.30     4.70    40.40

Стандартизированная матрица:
-0.73   0.51  -0.37   0.70   0.32  -0.35  -0.74   0.68  -1.06   0.66
-0.49   0.50  -0.07   1.76  -0.11   0.48  -0.44   0.29  -1.19   0.43
-0.28   0.55  -0.25   0.73  -0.38  -0.08  -0.25   0.79  -1.03   1.03
 1.82   1.92  -0.77   2.31  -0.64   0.54  -0.57   0.76  -1.60   1.09
-0.13  -0.17  -0.95   0.34   0.28  -1.36  -0.08   0.56  -0.17  -0.32
-0.58   0.22  -0.71  -0.47  -0.76  -1.36  -0.79   0.68  -0.28   0.23
-0.76  -0.11  -0.77  -0.56  -1.26  -1.71  -0.74  -0.31   0.73   0.12
-0.29   0.08  -0.34  -1.02  -0.44  -0.78  -0.27  -0.24   0.60  -0.21
-0.18   1.01  -0.86  -0.47  -0.38  -1.07  -0.04   2.14  -0.66  -0.36
-0.44   1.18  -1.05  -0.53  -0.73  -1.32  -0.47   2.03  -0.40  -0.17
-0.53   0.51  -0.80  -0.27  -0.33  -0.86  -0.48   0.67  -0.24  -0.20
-0.72  -0.14  -0.53  -0.60  -0.52  -0.97  -0.76   0.56  -0.40   0.33
 3.02   0.98  -1.20  -0.05   0.57  -0.86   3.14   0.09  -0.82   0.25
 4.44  -0.42  -0.68  -0.76  -0.13  -0.78  -0.60  -0.08   0.98  -0.34
-0.64   0.06  -0.95  -1.05  -0.91  -1.28  -0.39   0.25   0.23  -0.22
-0.40   0.21  -0.80  -0.24  -1.12  -1.32  -0.47   0.12   0.29   0.04
-0.41   0.47  -0.89  -0.76  -1.22  -1.65  -0.15   0.58   0.17  -0.05
-0.20   1.10  -1.20  -1.05  -1.38  -1.65   0.06   1.08  -0.53  -0.63
-0.11   1.02  -1.05  -0.37  -0.50  -1.09  -0.15   1.66  -0.53  -0.41
-0.73  -0.53   0.30   0.05   0.15  -0.06  -0.76   0.38   0.83   0.36
-0.63  -0.67  -0.41  -0.47  -0.55  -0.39  -0.63   0.45   0.58   0.39
-0.34  -0.55   0.33  -0.31   0.35   0.11  -0.25   0.36   1.13  -0.38
-0.19   0.25  -0.59  -0.11  -0.50  -0.55  -0.03   0.92   0.40   0.00
 1.16   0.83  -0.83  -0.56  -0.38  -0.95   1.64   1.65  -1.88  -3.34
-0.24  -0.17  -0.37  -0.76   1.17  -0.41  -0.12  -0.17   1.36  -0.55
 0.37  -0.47  -0.77  -1.11  -0.37  -0.93   0.61  -0.46   1.15  -0.28
-0.38  -0.50  -0.59  -1.02  -0.64  -0.84  -0.25  -0.33   1.43  -0.52
-0.41  -0.29  -0.65  -0.69   0.42  -0.62  -0.32   0.34   0.50  -0.46
-0.50  -0.82  -0.71  -1.08  -0.93  -0.95  -0.42  -0.69   1.68  -0.03
-1.03  -2.06   1.79  -0.40  -3.55   1.24  -1.15  -2.58  -1.88  -3.34
 1.27   0.49   0.30  -0.50   0.86   0.38   1.75   0.59  -1.88  -3.34
-0.56   0.55   0.24  -0.01   0.57   0.33  -0.58  -1.15   0.24   0.35
 0.52   0.02  -0.44  -0.53  -0.14  -0.29   0.82  -0.04   0.36  -0.50
-0.23  -0.29  -0.71  -0.53  -0.26  -0.62  -0.12  -0.04   0.94  -0.03
 0.93   1.01  -0.65   0.21   0.18  -0.47   1.36   1.08  -0.85  -0.60
 0.55   0.41  -0.47  -0.34  -0.01  -0.45   0.81  -0.40   0.77   0.07
-0.27   0.42  -0.31  -0.05  -0.38  -0.33  -0.25   1.17   0.27  -0.01
-0.93  -1.15   0.02  -1.05   0.85   0.09  -1.08  -1.27   0.99   0.16
 0.22  -2.32   3.68  -1.73   2.78   3.19  -0.00  -1.51   2.60   0.25
-0.92  -2.12   3.16  -0.21   3.55   4.00  -1.24  -1.42  -0.73   0.50
-0.71  -0.92   1.61  -1.02   0.85   1.16  -0.81  -0.08   1.67   0.00
-0.94  -1.96   1.06  -0.95   0.40   1.06  -1.11  -0.55   0.66   0.15
-0.78  -0.09   0.45  -1.21   1.56   0.87  -0.93  -0.91   0.23   0.92
 2.08  -1.24  -0.13  -0.98   0.88  -0.00   2.39  -1.13   1.25  -0.51
 0.52  -1.07   0.14  -0.86   0.52   0.21   0.51  -1.16   1.38  -0.65
 1.61  -0.05  -0.50  -0.56   0.03  -0.33   2.08  -0.51   0.57  -0.69
 1.49  -0.22   0.69  -0.73   0.80   0.54   1.84   0.18   0.57   0.34
-0.16   0.11   0.24   0.34   0.44   0.36   0.09   1.17   0.04   0.04
-0.52  -1.05   0.02  -0.53  -0.76  -0.16  -0.54  -0.24   1.48  -0.19
 0.23  -0.91   0.33  -0.37   0.23   0.21   0.52  -0.09   0.87  -0.39
 0.71   0.56  -0.04   0.18   0.28  -0.04   1.19   1.01  -0.77  -0.17
 1.79   1.60  -0.50   0.15   0.21  -0.24   2.37   1.79  -0.95   0.18
 1.18   1.09  -0.25  -0.08   0.21  -0.08   1.51   1.65  -0.62  -0.07
-1.09  -3.44   2.06  -0.66   1.38   1.26  -1.22  -2.69   1.96   1.10
 0.51  -1.29  -0.34   0.18  -0.14   0.13   0.63  -0.57   1.29  -0.03
 0.72   1.54  -0.31   0.21   0.01  -0.31   0.92   1.57  -1.14  -0.03
 0.57   0.48  -0.53   0.24   0.44   0.09   0.70  -0.62   0.13   0.44
 0.18  -0.07   0.02   0.18  -0.40   0.17   0.42  -0.73   0.66  -0.21
-0.53  -0.06  -0.31   1.18   0.61   0.40  -0.51  -0.31  -0.66   0.44
 0.94   0.70   0.54   2.02   2.21   1.47   1.92  -0.06  -1.88  -3.34
-0.55  -0.68   1.12   0.28   0.11   0.71  -0.64  -0.67   0.15   0.67
-1.02  -1.58   3.65  -0.89   1.05   1.64  -1.18  -2.41   0.21   2.30
-0.85   0.23   0.27   0.47   0.40   0.11  -0.92   0.07  -0.45   0.01
 0.77   0.54   0.05   0.70   0.30   0.23   1.26   0.39  -0.49   0.15
 0.57   0.92   0.51   0.37   0.25   0.27   0.77   0.50  -0.62   0.19
-0.41  -0.49   0.94   0.47  -0.04   0.60  -0.52  -1.56   0.01   1.27
-0.58  -0.30   1.94   0.79   0.73   1.82  -0.50  -0.89  -0.49   1.30
-1.10  -0.08   0.51   0.50   0.35   0.38  -1.23  -1.22  -0.04   1.11
-1.18   0.02   0.11   2.93  -2.13   1.18  -1.30  -0.06  -0.69   2.73
 0.18   0.87  -0.34   1.08  -1.19   0.21   0.43  -0.37  -0.70   0.03
-0.24   1.03  -0.19   1.21   0.11   0.09  -0.08  -0.09  -1.26   0.81
-0.58  -0.26   0.24   1.08  -0.09   0.34  -0.58  -1.20  -0.57   0.54
-0.98   1.06  -0.37   2.86  -0.55   0.69  -1.03   0.10  -1.28   0.84
-1.08   1.92  -0.50   3.06  -1.94   0.77  -1.16   0.14  -1.38   0.52
-0.84   1.53  -0.22   1.89  -0.62   0.17  -0.85   0.34  -1.26   0.19

Корреляционная матрица:
 1.00   0.25  -0.26  -0.10   0.16  -0.17   0.76   0.24  -0.06  -0.31
 0.25   1.00  -0.65   0.50  -0.32  -0.44   0.30   0.74  -0.65  -0.05
-0.26  -0.65   1.00  -0.10   0.52   0.87  -0.27  -0.64   0.18   0.20
-0.10   0.50  -0.10   1.00  -0.20   0.24  -0.11   0.13  -0.63   0.26
 0.16  -0.32   0.52  -0.20   1.00   0.54   0.20  -0.23   0.22   0.07
-0.17  -0.44   0.87   0.24   0.54   1.00  -0.18  -0.55  -0.03   0.20
 0.76   0.30  -0.27  -0.11   0.20  -0.18   1.00   0.31  -0.13  -0.44
 0.24   0.74  -0.64   0.13  -0.23  -0.55   0.31   1.00  -0.39  -0.19
-0.06  -0.65   0.18  -0.63   0.22  -0.03  -0.13  -0.39   1.00   0.19
-0.31  -0.05   0.20   0.26   0.07   0.20  -0.44  -0.19   0.19   1.00

Результат преобразований из единичной - собственные векторы:
 0.49   0.02   0.06   0.30  -0.44  -0.22   0.44   0.28   0.32   0.22
 0.03   0.80   0.02   0.18   0.14  -0.44  -0.20  -0.01  -0.21   0.18
-0.15   0.18   0.63   0.28   0.10   0.45  -0.01   0.49  -0.04  -0.13
-0.17  -0.15   0.34   0.37  -0.31  -0.13  -0.50  -0.44   0.36   0.06
 0.28  -0.08   0.10   0.39   0.52   0.25   0.27  -0.47  -0.10   0.33
-0.17   0.19  -0.67   0.47  -0.01   0.37  -0.11   0.13   0.29  -0.08
-0.65  -0.15  -0.02   0.33  -0.19  -0.24   0.45  -0.04  -0.37   0.08
-0.23  -0.24   0.01   0.01   0.58  -0.42  -0.01   0.34   0.48   0.17
-0.34   0.38   0.11  -0.41  -0.10   0.27   0.32  -0.23   0.44   0.34
-0.03  -0.19  -0.09  -0.07  -0.15   0.17  -0.35   0.28  -0.26   0.79

Ковариационная матрица главных компонент - собственные векторы:
 0.21   0.00  -0.00  -0.00  -0.00   0.00  -0.00  -0.00   0.00   0.00
 0.00   0.12  -0.00   0.00  -0.00   0.00   0.00   0.00  -0.00   0.00
-0.00  -0.00   0.05  -0.00   0.00  -0.00  -0.00  -0.00  -0.00   0.00
-0.00   0.00  -0.00   1.73   0.00  -0.00   0.00  -0.00   0.00   0.00
-0.00  -0.00   0.00   0.00   0.62   0.00   0.00  -0.00  -0.00   0.00
 0.00   0.00  -0.00  -0.00   0.00   3.75  -0.00   0.00   0.00   0.00
-0.00   0.00  -0.00   0.00   0.00  -0.00   2.13  -0.00  -0.00   0.00
-0.00   0.00  -0.00  -0.00  -0.00   0.00  -0.00   0.28  -0.00  -0.00
 0.00  -0.00  -0.00   0.00  -0.00   0.00  -0.00  -0.00   0.22  -0.00
 0.00   0.00   0.00   0.00   0.00   0.00   0.00  -0.00  -0.00   0.89

Сортированные собственные числа:  [3.747716486819301 2.134805739719406 1.7325365634566232 0.8925747445393525 0.6189838476293585 0.279534676084422 0.2209622724736722 0.20970275134127034 0.11729135881344724 0.045891559123145145]

Отсортированные собственные векторы:
-0.22   0.44   0.30   0.22  -0.44   0.28   0.32   0.49   0.02   0.06
-0.44  -0.20   0.18   0.18   0.14  -0.01  -0.21   0.03   0.80   0.02
 0.45  -0.01   0.28  -0.13   0.10   0.49  -0.04  -0.15   0.18   0.63
-0.13  -0.50   0.37   0.06  -0.31  -0.44   0.36  -0.17  -0.15   0.34
 0.25   0.27   0.39   0.33   0.52  -0.47  -0.10   0.28  -0.08   0.10
 0.37  -0.11   0.47  -0.08  -0.01   0.13   0.29  -0.17   0.19  -0.67
-0.24   0.45   0.33   0.08  -0.19  -0.04  -0.37  -0.65  -0.15  -0.02
-0.42  -0.01   0.01   0.17   0.58   0.34   0.48  -0.23  -0.24   0.01
 0.27   0.32  -0.41   0.34  -0.10  -0.23   0.44  -0.34   0.38   0.11
 0.17  -0.35  -0.07   0.79  -0.15   0.28  -0.26  -0.03  -0.19  -0.09

Проекции объектов на главные компоненты:
 0.31  -0.34  -0.52  -0.20   0.79  -1.58   0.26   0.22  -0.48   0.45
 0.89  -0.45  -0.22  -0.17   0.55  -1.04   0.61   0.61  -0.14   1.59
 0.90  -0.68  -0.02   0.15   0.49  -1.45   0.07  -0.06  -0.15   0.53
 1.40  -2.13   0.78  -1.11   1.36  -1.34   0.40  -0.65   1.15   2.10
-0.53  -0.08  -1.33   0.07   0.60  -0.62  -0.64  -0.32   0.39   0.03
-0.04  -0.12  -1.13   0.23   0.05  -1.26   0.04  -1.21  -0.22  -0.54
-0.53   0.70  -1.16   0.69  -0.61  -0.91   0.50  -1.55   0.49  -0.71
-0.46   0.34  -0.50   0.07  -0.49  -0.08   0.19  -0.79   0.13  -1.03
 1.00  -0.86  -1.51  -0.64   0.67  -0.96  -0.98  -0.97  -0.28  -0.81
 0.97  -0.57  -1.63  -0.66   0.51  -1.37  -0.65  -1.40  -0.18  -0.93
 0.11  -0.17  -1.14  -0.34   0.08  -0.89  -0.05  -0.65  -0.06  -0.44
-0.19  -0.05  -0.84   0.33  -0.13  -1.19  -0.01  -0.83  -0.59  -0.47
-0.04  -2.97   0.52   0.20   1.04   0.91  -1.85   0.42   2.82  -0.79
-1.91  -1.25   1.50  -0.75   0.72   1.60  -1.37  -2.85   1.38   0.17
-0.32   0.07  -1.26   0.20  -0.66  -0.74  -0.05  -1.18   0.08  -1.04
-0.07   0.14  -1.06   0.34  -0.33  -0.82   0.22  -1.31   0.50  -0.41
 0.18  -0.17  -1.36   0.35  -0.27  -0.85  -0.09  -1.49   0.46  -1.05
 0.59  -1.12  -1.91  -0.18  -0.22  -0.74  -0.24  -1.58   0.35  -1.30
 0.73  -0.82  -1.49  -0.67   0.46  -0.92  -0.69  -1.04   0.03  -0.68
-0.08   1.35   0.09   0.11   0.06  -0.45  -0.09  -0.26  -0.58   0.04
-0.19   0.81  -0.26   0.33  -0.57  -0.77  -0.37  -0.81  -0.39  -0.23
-0.17   1.26  -0.00  -0.19  -0.08   0.47  -0.46  -0.13  -0.41  -0.27
 0.47   0.20  -0.63  -0.16  -0.02  -0.53  -0.57  -0.75   0.24  -0.33
 0.74  -2.83  -2.91  -0.92   0.39   1.94  -1.42  -0.34   0.07  -0.48
-1.08   1.20  -0.27  -0.66   0.11   0.38  -0.45   0.15   0.22  -1.01
-0.89   0.33  -0.32   0.39  -0.76   0.46  -0.63  -0.76   0.98  -1.14
-0.74   1.08  -0.68   0.16  -0.97   0.21  -0.15  -1.06   0.39  -0.93
-0.70   0.54  -0.78  -0.35  -0.10  -0.20  -0.53  -0.28  -0.18  -0.68
-1.01   1.36  -0.43   0.56  -1.31  -0.13  -0.01  -1.28   0.53  -0.92
-0.20  -0.79  -1.62   1.52  -3.47   2.90   2.96  -0.78  -2.45   1.99
 0.25  -2.50  -1.61  -1.10   0.50   2.92  -0.87   1.11  -0.49  -0.20
-0.46   0.54   0.49  -0.37  -0.01  -0.28   1.25   0.60   0.05  -0.21
-0.15  -0.32  -0.26  -0.02  -0.32   0.63  -0.58  -0.19   0.69  -0.60
-0.51   0.69  -0.40   0.04  -0.51  -0.25  -0.35  -0.64   0.45  -0.58
 0.80  -1.60  -0.77  -0.48   0.82   0.30  -1.04   0.16   0.85  -0.30
-0.20  -0.03   0.14  -0.00  -0.09   0.31  -0.26  -0.16   1.26  -0.76
 0.72   0.22  -0.54  -0.36   0.20  -0.55  -0.48  -0.69  -0.12  -0.26
-1.82   1.56   0.39   0.07  -0.80  -0.13   0.53   0.29  -0.74  -0.58
-1.38   3.09   4.09   0.09  -0.39   3.20  -0.09   2.11  -2.30  -0.80
-1.36   1.44   3.31  -0.43   0.15   1.31   0.93   3.74  -3.90   1.22
-0.32   2.21   1.28  -0.21  -0.32   0.92   0.09   0.27  -1.55  -0.63
-1.03   1.62   0.93   0.50  -1.04   0.38   0.15   0.30  -1.97   0.09
-1.14   0.80   1.31  -0.52  -0.13  -0.56   0.74   1.05  -1.12  -0.95
-1.45  -0.30   1.11   0.67  -0.44   2.39  -1.67   0.59   1.66  -0.90
-1.33   0.87   0.55   0.17  -0.77   1.53  -0.36   0.20   0.43  -0.55
-0.37  -0.89   0.16   0.25  -0.29   1.63  -1.11   0.09   1.74  -0.79
 0.13  -0.43   1.52   0.32   0.35   1.41  -1.34   0.61   0.59  -0.89
 0.75   0.25   0.03  -0.38   0.58  -0.14  -0.71   0.26  -0.46   0.16
-0.45   1.53  -0.09   0.43  -1.06   0.26  -0.10  -0.91  -0.16  -0.19
-0.37   0.68   0.29   0.30  -0.35   1.00  -0.69   0.12  -0.01  -0.20
 0.84  -1.20  -0.16  -0.13   0.76   0.29  -0.94   0.39   0.30  -0.16
 1.67  -2.34   0.10  -0.41   1.32   0.28  -1.79   0.25   1.37  -0.70
 1.29  -1.53  -0.03  -0.49   0.97   0.27  -1.45   0.06   0.60  -0.59
-2.67   3.36   2.48   1.72  -1.18   0.91   0.90   1.22  -1.66   0.40
-0.70   0.86   0.45   0.57  -0.77   0.73  -0.84  -0.08   0.88   0.37
 1.43  -1.70  -0.46  -0.60   1.14  -0.32  -0.74  -0.04   0.39  -0.38
-0.24  -0.39   0.53  -0.19   0.12  -0.06  -0.04   0.53   1.16  -0.11
-0.02   0.33   0.19   0.18  -0.52   0.61   0.24  -0.01   0.75   0.10
-0.20   0.05   0.01  -0.20   0.31  -0.90   0.44   0.90  -0.11   1.14
 0.48  -1.79  -1.26  -1.65   1.38   3.00  -0.34   3.07   0.17   1.73
-0.13   0.88   0.98   0.59  -0.15  -0.02   0.81   0.43  -0.84   0.55
-1.00   1.77   3.52   1.93  -0.15   0.37   2.32   1.47  -2.46  -0.19
 0.05   0.35  -0.32  -0.33   0.42  -0.61   0.71   0.36  -0.77   0.42
 0.77  -0.92   0.30   0.01   0.67   0.33  -0.58   0.67   0.76   0.25
 0.97  -0.89   0.40  -0.16   0.85   0.24  -0.10   0.45   0.23  -0.04
-0.41   0.61   1.38   0.93  -0.29  -0.34   1.39   0.57  -0.19   0.63
 0.41   0.59   2.04   0.46   0.27  -0.05   1.31   1.54  -1.24   1.01
-0.50   0.93   0.74   0.27  -0.04  -1.05   1.58   0.60  -0.51   0.51
 1.94   0.53   1.15   1.08  -0.52  -2.78   1.48  -0.25   0.07   2.95
 1.01  -0.95  -0.25   0.08  -0.31  -0.21   0.73  -0.06   0.96   0.87
 0.65  -0.88   0.02  -0.11   0.72  -1.17   0.80   0.69   0.33   0.77
-0.29   0.16   0.28   0.49  -0.16  -0.55   1.26   0.64  -0.04   1.18
 1.40  -0.22  -0.32  -0.42   0.54  -1.91   1.39   0.60   0.22   2.46
 2.39  -0.57  -0.76  -0.63   0.00  -1.95   2.08  -0.17   0.57   2.61
 1.42  -0.54  -0.81  -0.63   0.64  -1.39   1.36   0.17   0.08   1.41

I(p`) = 0.9627114330722136
Col = 7
Применение метода главных компонент
нецелесообразно

Если c 1k большой по модулю, то зависимость первой главной компоненты от
k x сильная, если коэффициент положительный, то зависимость
возрастающая, аналогично остальные случаи.